4
4	-1	-1	-1	-1	10	6	-1	-1	9	-1	13	14	7	-1	-1	
-1	-1	9	-1	-1	4	-1	-1	-1	1	5	11	-1	2	-1	-1	
12	15	-1	-1	2	-1	5	1	10	6	-1	-1	-1	4	-1	13	
5	-1	-1	-1	-1	-1	-1	14	3	2	4	16	12	-1	-1	-1	
6	5	-1	-1	-1	14	-1	-1	-1	-1	-1	15	1	-1	4	3	
1	10	-1	-1	8	16	9	6	-1	4	-1	-1	-1	-1	14	-1	
2	-1	-1	-1	-1	-1	12	11	-1	-1	-1	1	-1	13	-1	-1	
-1	13	-1	-1	-1	1	15	-1	9	-1	10	-1	-1	8	-1	16	
-1	-1	1	2	11	-1	-1	-1	-1	15	-1	7	-1	5	9	4	
13	-1	10	-1	-1	9	-1	-1	-1	5	-1	-1	-1	-1	15	-1	
8	9	15	-1	-1	-1	-1	10	16	-1	11	-1	-1	-1	7	-1	
-1	14	6	4	-1	-1	-1	-1	-1	10	-1	-1	13	-1	2	-1	
-1	6	-1	14	3	-1	4	-1	-1	-1	1	-1	-1	-1	-1	2	
9	4	-1	-1	14	12	1	16	-1	-1	2	-1	3	15	-1	-1	
10	3	12	1	13	-1	11	15	5	-1	8	9	-1	-1	16	14	
15	-1	2	13	-1	-1	10	-1	-1	-1	-1	-1	-1	-1	12	-1	
