4
13	16	10	11	9	-1	7	1	4	3	6	5	8	15	12	14	
7	14	6	-1	15	-1	3	-1	-1	8	9	10	13	2	11	16	
3	12	1	2	6	8	16	-1	13	7	14	15	10	9	-1	5	
8	9	15	5	13	10	-1	4	16	-1	11	12	-1	7	-1	3	
11	13	14	-1	1	4	-1	7	9	6	-1	-1	2	5	-1	8	
6	5	7	16	14	13	2	10	-1	15	12	-1	1	4	3	-1	
2	8	4	9	3	11	12	5	7	1	16	14	15	10	-1	13	
1	10	3	15	-1	6	9	-1	2	-1	13	4	11	-1	7	-1	
-1	15	16	8	11	1	-1	2	10	14	7	6	9	-1	-1	-1	
14	7	9	-1	4	-1	-1	15	12	11	5	-1	16	8	10	2	
4	2	11	3	10	-1	6	16	8	13	-1	9	-1	1	5	7	
-1	1	-1	10	7	-1	8	9	3	16	4	2	12	6	15	11	
10	3	12	1	2	15	11	13	-1	9	8	7	4	-1	14	6	
16	6	8	-1	5	9	4	3	15	-1	1	11	7	13	2	-1	
15	11	2	13	8	-1	-1	6	14	4	-1	16	-1	-1	9	1	
9	4	5	7	12	16	-1	14	6	10	2	13	3	11	8	15	
