5
4	-1	-1	-1	5	-1	-1	-1	-1	-1	14	-1	-1	-1	-1	-1	-1	-1	-1	-1	18	13	-1	-1	8	
12	-1	8	-1	25	-1	2	-1	-1	11	-1	-1	24	-1	19	21	-1	-1	-1	-1	-1	-1	5	1	7	
-1	23	-1	-1	-1	-1	24	-1	-1	-1	-1	12	2	-1	-1	-1	-1	-1	-1	-1	3	-1	25	-1	-1	
-1	9	-1	-1	-1	-1	-1	22	-1	1	7	-1	18	13	21	8	-1	23	-1	-1	11	-1	-1	-1	-1	
-1	10	21	-1	16	-1	7	-1	-1	-1	-1	8	4	-1	-1	-1	-1	24	-1	-1	-1	-1	-1	-1	12	
-1	-1	7	8	13	-1	18	25	9	10	12	-1	-1	-1	22	-1	-1	16	-1	-1	-1	-1	20	19	-1	
-1	18	15	24	2	-1	21	-1	23	4	-1	-1	-1	14	-1	-1	17	20	-1	-1	10	8	-1	11	-1	
16	5	-1	19	10	-1	17	14	-1	15	-1	-1	-1	24	-1	12	-1	-1	11	-1	-1	22	-1	3	-1	
-1	4	-1	14	-1	2	-1	16	-1	-1	18	-1	-1	-1	-1	9	19	-1	-1	-1	-1	1	-1	-1	-1	
25	-1	1	-1	-1	5	-1	-1	-1	-1	15	-1	-1	21	-1	-1	-1	-1	-1	18	17	4	16	-1	-1	
19	-1	16	11	18	-1	4	1	2	-1	-1	20	9	22	-1	3	-1	21	17	12	-1	15	-1	10	-1	
-1	-1	-1	2	12	14	-1	-1	-1	20	-1	13	5	-1	16	-1	-1	6	-1	-1	19	17	-1	-1	-1	
-1	-1	-1	-1	23	-1	3	10	-1	17	-1	19	12	18	-1	7	11	-1	5	-1	-1	-1	6	-1	24	
-1	-1	-1	9	-1	19	-1	24	15	23	-1	-1	17	-1	-1	-1	-1	22	-1	-1	13	3	-1	-1	-1	
14	17	-1	-1	-1	-1	-1	-1	-1	-1	3	-1	-1	1	15	18	13	-1	-1	2	22	-1	-1	21	-1	
-1	-1	18	-1	4	-1	-1	15	21	-1	-1	14	20	-1	-1	11	-1	-1	-1	-1	7	-1	24	-1	-1	
-1	-1	11	15	-1	-1	-1	20	-1	-1	-1	18	-1	-1	-1	24	-1	-1	-1	-1	-1	-1	10	16	13	
-1	3	-1	-1	-1	-1	-1	6	17	-1	19	-1	1	-1	-1	-1	-1	18	4	-1	23	25	-1	-1	20	
-1	-1	-1	21	-1	-1	-1	8	-1	-1	9	22	-1	-1	-1	-1	-1	2	-1	-1	-1	-1	11	18	-1	
-1	-1	-1	23	17	-1	11	-1	-1	-1	-1	-1	-1	-1	10	20	-1	-1	6	13	-1	19	-1	5	22	
5	-1	-1	-1	-1	-1	8	-1	-1	9	-1	1	-1	19	4	-1	10	17	-1	15	-1	-1	-1	13	-1	
-1	13	24	-1	-1	-1	-1	18	6	7	-1	-1	-1	12	-1	-1	25	9	16	22	1	5	4	-1	-1	
-1	-1	4	6	9	21	15	-1	-1	-1	-1	-1	14	-1	-1	13	12	5	-1	-1	8	-1	-1	-1	17	
-1	-1	-1	16	8	25	-1	-1	3	5	-1	10	-1	-1	-1	-1	-1	-1	-1	14	6	18	-1	-1	-1	
-1	-1	-1	-1	-1	-1	1	-1	13	16	6	-1	22	-1	9	4	-1	7	-1	3	24	-1	-1	-1	10	
