5
-1	9	-1	-1	-1	12	10	22	-1	3	-1	-1	18	13	-1	-1	8	-1	6	5	19	14	-1	-1	-1	
18	-1	16	21	-1	-1	-1	-1	-1	-1	20	8	4	5	22	24	-1	-1	-1	11	17	-1	-1	-1	12	
-1	-1	-1	-1	-1	16	20	-1	21	23	1	3	-1	-1	14	12	10	19	-1	9	-1	-1	-1	-1	8	
-1	23	-1	-1	-1	-1	-1	5	14	-1	-1	-1	2	-1	10	-1	-1	-1	20	-1	-1	-1	22	3	-1	
12	-1	25	-1	-1	4	-1	9	-1	-1	19	23	24	-1	-1	-1	-1	13	-1	16	-1	10	1	20	7	
-1	5	-1	-1	19	-1	-1	-1	15	-1	-1	-1	-1	24	-1	8	12	11	-1	-1	-1	-1	3	21	-1	
17	-1	-1	-1	8	-1	-1	25	10	11	-1	-1	-1	-1	-1	16	-1	-1	15	-1	20	-1	-1	5	-1	
6	18	-1	15	-1	-1	-1	12	-1	-1	-1	-1	19	14	16	-1	-1	22	17	25	13	-1	-1	10	-1	
25	20	-1	-1	12	19	6	3	13	-1	11	9	8	-1	15	10	-1	-1	7	18	16	-1	14	17	-1	
-1	4	-1	-1	-1	-1	-1	-1	-1	2	-1	-1	-1	20	-1	-1	-1	21	-1	-1	7	1	-1	15	25	
13	-1	-1	-1	21	5	-1	8	-1	12	-1	-1	25	-1	-1	-1	15	7	16	-1	11	-1	-1	-1	-1	
-1	-1	-1	-1	-1	21	-1	15	-1	10	-1	14	-1	-1	2	25	-1	-1	-1	-1	24	-1	-1	-1	-1	
-1	-1	7	12	-1	17	-1	6	-1	-1	-1	-1	1	11	-1	-1	-1	-1	-1	21	-1	-1	8	23	-1	
8	-1	17	-1	23	-1	11	7	-1	4	-1	24	16	-1	-1	1	-1	-1	-1	-1	15	-1	-1	12	-1	
-1	19	-1	11	15	-1	23	-1	25	22	-1	18	-1	-1	5	-1	-1	12	-1	17	-1	-1	-1	-1	13	
21	-1	23	13	1	-1	-1	-1	-1	-1	-1	19	-1	-1	4	-1	7	-1	11	20	-1	-1	-1	-1	24	
-1	-1	-1	22	-1	-1	9	21	-1	-1	-1	13	-1	-1	24	6	-1	-1	23	-1	-1	-1	-1	19	11	
19	-1	18	16	11	2	-1	-1	-1	-1	7	-1	-1	22	23	-1	3	17	24	12	8	-1	10	-1	5	
-1	6	-1	-1	-1	-1	25	-1	-1	-1	2	21	17	-1	-1	22	-1	-1	-1	-1	-1	-1	-1	-1	18	
14	-1	24	-1	-1	-1	5	11	12	8	15	-1	-1	-1	3	-1	18	-1	-1	2	23	-1	-1	-1	-1	
-1	-1	9	4	-1	-1	15	-1	-1	-1	18	2	-1	-1	-1	5	-1	-1	12	24	3	-1	-1	-1	17	
10	-1	21	-1	-1	-1	-1	-1	-1	-1	23	11	3	12	8	-1	-1	16	-1	22	4	-1	-1	-1	15	
-1	22	8	17	-1	3	-1	4	5	-1	-1	-1	-1	7	-1	-1	-1	-1	-1	14	-1	18	-1	-1	-1	
-1	-1	-1	-1	25	11	-1	-1	-1	-1	4	-1	21	-1	20	-1	6	18	10	-1	22	7	-1	16	-1	
15	11	-1	14	18	-1	1	23	16	-1	9	5	-1	-1	-1	-1	4	8	-1	-1	21	12	-1	-1	-1	
