5
19	-1	16	-1	-1	1	4	13	6	2	7	23	9	22	20	3	12	21	17	-1	15	5	10	8	14	
7	-1	5	20	6	24	25	19	23	-1	2	11	-1	10	21	-1	8	-1	14	1	3	18	-1	12	13	
-1	1	13	23	-1	-1	3	16	-1	22	14	4	12	18	19	7	20	15	-1	11	2	-1	9	6	25	
-1	4	10	24	17	11	5	8	12	7	15	3	6	1	25	-1	2	19	9	13	20	-1	21	23	-1	
3	-1	22	12	15	-1	9	-1	-1	18	16	24	5	8	-1	25	4	6	10	23	17	-1	-1	-1	19	
24	10	-1	7	-1	-1	16	9	2	17	-1	19	1	11	15	22	21	18	4	5	-1	20	8	14	23	
-1	21	-1	14	1	8	-1	12	-1	5	17	-1	25	23	22	15	10	2	7	16	6	3	18	11	4	
9	15	11	6	19	-1	23	22	25	1	-1	5	7	4	18	24	-1	14	12	3	21	13	-1	10	2	
8	23	25	-1	2	7	11	4	18	-1	-1	21	16	3	-1	20	-1	-1	6	9	19	22	5	15	12	
22	-1	18	4	16	15	13	10	3	21	12	-1	-1	6	14	11	19	-1	23	8	9	-1	17	24	7	
20	17	2	-1	9	22	10	3	1	12	21	7	18	13	-1	8	-1	23	25	6	14	4	24	19	11	
12	22	8	-1	14	-1	2	6	11	-1	19	-1	24	-1	23	21	16	3	13	-1	-1	7	1	5	-1	
-1	7	6	5	24	17	20	23	21	16	1	14	-1	25	3	10	-1	12	-1	22	13	8	15	2	18	
-1	3	-1	16	10	13	7	15	19	25	20	22	4	5	8	1	11	-1	-1	14	23	-1	6	17	9	
-1	-1	19	-1	-1	-1	24	18	14	8	6	10	2	9	12	17	7	-1	15	20	16	21	22	25	3	
25	12	1	-1	20	3	6	5	-1	19	11	-1	8	-1	9	2	-1	10	24	7	4	23	14	-1	17	
6	24	-1	2	18	12	-1	1	4	-1	3	-1	19	14	7	5	25	20	22	-1	8	9	11	-1	10	
16	-1	9	-1	5	14	17	7	15	-1	25	-1	13	24	6	-1	23	-1	11	-1	22	2	3	-1	21	
23	14	3	11	4	16	-1	2	8	24	5	18	10	20	17	9	6	-1	21	-1	-1	25	12	-1	-1	
-1	8	7	13	21	25	18	11	10	9	-1	12	23	2	4	-1	1	16	3	15	24	-1	19	20	5	
2	16	17	8	22	4	12	25	5	3	24	13	15	7	10	-1	14	11	1	21	18	19	-1	9	6	
15	18	14	19	-1	-1	-1	-1	16	13	9	-1	22	-1	5	4	-1	7	8	2	12	-1	25	-1	24	
5	25	23	3	12	2	8	24	-1	11	-1	-1	21	19	1	6	15	-1	18	10	7	14	13	22	16	
10	20	24	-1	13	18	14	17	7	-1	23	8	-1	-1	11	19	22	9	16	25	5	15	2	4	-1	
1	6	4	9	7	19	15	21	-1	10	18	25	14	16	2	-1	24	5	20	-1	11	17	23	3	-1	
